        0 -0.685522   35.6716  -66.7875   9.87377
     0.01 -0.685522   35.6717   -66.788   9.87243
     0.02 -0.685522   35.6718  -66.7884   9.87108
     0.03 -0.685522   35.6719  -66.7889   9.86973
     0.04 -0.685522   35.6723  -66.7904    9.8657
     0.05 -0.685522   35.6726  -66.7918   9.86166
     0.06 -0.685522    35.673  -66.7932   9.85762
     0.07 -0.685522   35.6736  -66.7956   9.85089
     0.08 -0.685522   35.6741   -66.798   9.84416
     0.09 -0.685522   35.6747  -66.8003   9.83743
      0.1 -0.685522   35.6755  -66.8037     9.828
     0.11 -0.685522   35.6763   -66.807   9.81858
     0.12 -0.685522   35.6771  -66.8103   9.80915
     0.13 -0.685522   35.6781  -66.8146   9.79703
     0.14 -0.685522   35.6791  -66.8189   9.78491
     0.15 -0.685521   35.6802  -66.8231   9.77279
     0.16 -0.685521   35.6814  -66.8283   9.75796
     0.17 -0.685521   35.6826  -66.8336   9.74314
     0.18 -0.685521   35.6839  -66.8388   9.72832
     0.19 -0.685521   35.6853  -66.8449   9.71079
      0.2 -0.685521   35.6868   -66.851   9.69327
     0.21 -0.685521   35.6883  -66.8572   9.67574
     0.22 -0.685521   35.6899  -66.8642    9.6555
     0.23 -0.685521   35.6916  -66.8713   9.63527
     0.24 -0.685521   35.6933  -66.8784   9.61503
     0.25 -0.685521   35.6952  -66.8863   9.59208
     0.26 -0.685521   35.6971  -66.8943   9.56914
     0.27 -0.685521    35.699  -66.9023   9.54619
     0.28 -0.685521   35.7011  -66.9112   9.52052
     0.29 -0.685521   35.7032    -66.92   9.49485
     0.3 -0.68552  35.7052 -66.9289  9.46918
    0.31 -0.68552  35.7075 -66.9387  9.44079
    0.32 -0.68552  35.7098 -66.9484   9.4124
    0.33 -0.68552  35.7121 -66.9582    9.384
    0.34 -0.68552  35.7146 -66.9688  9.35288
    0.35 -0.68552  35.7171 -66.9795  9.32175
    0.36 -0.68552  35.7196 -66.9901  9.29063
    0.37 -0.68552  35.7223 -67.0016  9.25676
    0.38 -0.68552  35.7249 -67.0131  9.22289
    0.39 -0.68552  35.7276 -67.0247  9.18903
      0.4 -0.685519   35.7305   -67.037   9.15241
     0.41 -0.685519   35.7333  -67.0494    9.1158
     0.42 -0.685519   35.7362  -67.0617   9.07918
     0.43 -0.685519   35.7392  -67.0749   9.03981
     0.44 -0.685519   35.7423  -67.0881   9.00044
     0.45 -0.685519   35.7453  -67.1013   8.96107
     0.46 -0.685519   35.7485  -67.1153   8.91893
     0.47 -0.685519   35.7517  -67.1293   8.87679
     0.48 -0.685518   35.7549  -67.1433   8.83465
     0.49 -0.685518   35.7582  -67.1581   8.78973
      0.5 -0.685518   35.7616  -67.1729   8.74482
     0.51 -0.685518   35.7649  -67.1877    8.6999
     0.52 -0.685518   35.7684  -67.2032    8.6522
     0.53 -0.685518   35.7719  -67.2188    8.6045
     0.54 -0.685518   35.7754  -67.2344   8.55679
     0.55 -0.685517   35.7791  -67.2507   8.50629
     0.56 -0.685517   35.7827   -67.267   8.45579
     0.57 -0.685517   35.7863  -67.2834   8.40529
     0.58 -0.685517   35.7901  -67.3004   8.35198
     0.59 -0.685517   35.7939  -67.3175   8.29867
      0.6 -0.685517   35.7976  -67.3345   8.24536
     0.61 -0.685516   35.8015  -67.3523   8.18923
     0.62 -0.685516   35.8054  -67.3701   8.13309
     0.63 -0.685516   35.8093  -67.3878   8.07696
     0.64 -0.685516   35.8132  -67.4063     8.018
     0.65 -0.685516   35.8172  -67.4247   7.95903
     0.66 -0.685516   35.8212  -67.4432   7.90006
     0.67 -0.685515   35.8253  -67.4623   7.83825
     0.68 -0.685515   35.8293  -67.4814   7.77644
     0.69 -0.685515   35.8334  -67.5005   7.71463
      0.7 -0.685515   35.8376  -67.5203   7.64995
     0.71 -0.685515   35.8417    -67.54   7.58528
     0.72 -0.685514   35.8459  -67.5598   7.52061
     0.73 -0.685514   35.8501  -67.5801   7.45306
     0.74 -0.685514   35.8543  -67.6005   7.38552
     0.75 -0.685514   35.8585  -67.6209   7.31797
     0.76 -0.685514   35.8628  -67.6418   7.24754
     0.77 -0.685513   35.8671  -67.6627   7.17711
     0.78 -0.685513   35.8714  -67.6837   7.10667
     0.79 -0.685513   35.8757  -67.7052   7.03334
      0.8 -0.685513     35.88  -67.7267      6.96
     0.81 -0.685513   35.8843  -67.7482   6.88667
     0.82 -0.685512   35.8886  -67.7702   6.81042
     0.83 -0.685512    35.893  -67.7922   6.73417
     0.84 -0.685512   35.8973  -67.8142   6.65792
     0.85 -0.685512   35.9016  -67.8367   6.57873
     0.86 -0.685512    35.906  -67.8592   6.49955
     0.87 -0.685511   35.9103  -67.8817   6.42037
     0.88 -0.685511   35.9146  -67.9047   6.33824
     0.89 -0.685511    35.919  -67.9277   6.25612
      0.9 -0.685511   35.9233  -67.9506   6.17399
    0.91 -0.68551  35.9276  -67.974   6.0889
    0.92 -0.68551  35.9319 -67.9974  6.00381
    0.93 -0.68551  35.9363 -68.0208  5.91872
    0.94 -0.68551  35.9405 -68.0446  5.83066
    0.95 -0.68551  35.9448 -68.0684  5.74259
     0.96 -0.685509   35.9491  -68.0922   5.65453
     0.97 -0.685509   35.9533  -68.1164   5.56347
     0.98 -0.685509   35.9575  -68.1406   5.47242
     0.99 -0.685509   35.9617  -68.1647   5.38136
        1 -0.685508   35.9658  -68.1892    5.2873
     1.01 -0.685508     35.97  -68.2137   5.19323
     1.02 -0.685508   35.9741  -68.2382   5.09917
     1.03 -0.685508   35.9781   -68.263   5.00208
     1.04 -0.685508   35.9822  -68.2878   4.90499
     1.05 -0.685507   35.9862  -68.3126   4.80791
     1.06 -0.685507   35.9902  -68.3377   4.70778
     1.07 -0.685507   35.9941  -68.3628   4.60766
     1.08 -0.685507    35.998  -68.3878   4.50753
     1.09 -0.685506   36.0018  -68.4131   4.40435
      1.1 -0.685506   36.0056  -68.4384   4.30117
     1.11 -0.685506   36.0094  -68.4637   4.19799
     1.12 -0.685506   36.0131  -68.4892   4.09174
     1.13 -0.685505   36.0167  -68.5147   3.98549
     1.14 -0.685505   36.0203  -68.5401   3.87924
     1.15 -0.685505   36.0238  -68.5658    3.7699
     1.16 -0.685505   36.0273  -68.5914   3.66057
     1.17 -0.685504   36.0308  -68.6171   3.55123
     1.18 -0.685504    36.034  -68.6428   3.43879
     1.19 -0.685504   36.0373  -68.6686   3.32636
      1.2 -0.685504   36.0406  -68.6943   3.21392
     1.21 -0.685504   36.0436  -68.7202   3.09837
     1.22 -0.685503   36.0467   -68.746   2.98281
     1.23 -0.685503   36.0498  -68.7719   2.86726
     1.24 -0.685503   36.0526  -68.7978   2.74857
     1.25 -0.685503   36.0554  -68.8237   2.62989
     1.26 -0.685502   36.0582  -68.8495    2.5112
     1.27 -0.685502   36.0608  -68.8754   2.38937
     1.28 -0.685502   36.0634  -68.9013   2.26754
     1.29 -0.685502   36.0659  -68.9272   2.14571
      1.3 -0.685501   36.0682  -68.9531   2.02072
     1.31 -0.685501   36.0705   -68.979   1.89572
     1.32 -0.685501   36.0728  -69.0049   1.77073
     1.33 -0.685501   36.0747  -69.0307   1.64256
     1.34 -0.685501   36.0767  -69.0565   1.51439
    1.35  -0.6855  36.0787 -69.0823  1.38623
   1.36 -0.6855 36.0803 -69.108 1.25487
    1.37  -0.6855   36.082 -69.1337  1.12351
    1.38  -0.6855  36.0836 -69.1594 0.992151
    1.39  -0.6855  36.0849  -69.185 0.857589
      1.4 -0.685499   36.0862  -69.2105  0.723027
     1.41 -0.685499   36.0875  -69.2361  0.588465
     1.42 -0.685499   36.0884  -69.2615  0.450687
     1.43 -0.685499   36.0893  -69.2868  0.312908
     1.44 -0.685498   36.0902  -69.3122   0.17513
     1.45 -0.685498   36.0908  -69.3374 0.0341215
     1.46 -0.685498   36.0913  -69.3625 -0.106887
     1.47 -0.685498   36.0918  -69.3877 -0.247895
     1.48 -0.685498   36.0918  -69.4126 -0.392145
     1.49 -0.685497   36.0919  -69.4375 -0.536396
      1.5 -0.685497    36.092  -69.4624 -0.680646
     1.51 -0.685497   36.0916   -69.487 -0.828151
     1.52 -0.685497   36.0912  -69.5116 -0.975655
     1.53 -0.685497   36.0909  -69.5362  -1.12316
     1.54 -0.685497     36.09  -69.5605  -1.27393
     1.55 -0.685496   36.0891  -69.5848   -1.4247
     1.56 -0.685496   36.0883  -69.6091  -1.57547
     1.57 -0.685496   36.0869   -69.633  -1.72951
     1.58 -0.685496   36.0855  -69.6569  -1.88356
     1.59 -0.685496   36.0842  -69.6808  -2.03761
      1.6 -0.685496   36.0822  -69.7043  -2.19494
     1.61 -0.685495   36.0803  -69.7278  -2.35227
     1.62 -0.685495   36.0784  -69.7513   -2.5096
     1.63 -0.685495   36.0759  -69.7743  -2.67023
     1.64 -0.685495   36.0735  -69.7974  -2.83086
     1.65 -0.685495    36.071  -69.8204  -2.99149
     1.66 -0.685495   36.0679   -69.843  -3.15542
     1.67 -0.685494   36.0648  -69.8656  -3.31935
     1.68 -0.685494   36.0618  -69.8881  -3.48329
     1.69 -0.685494   36.0581  -69.9102  -3.65053
      1.7 -0.685494   36.0544  -69.9322  -3.81778
     1.71 -0.685494   36.0507  -69.9543  -3.98502
     1.72 -0.685494   36.0463  -69.9757  -4.15559
     1.73 -0.685494    36.042  -69.9972  -4.32616
     1.74 -0.685494   36.0376  -70.0187  -4.49672
     1.75 -0.685494   36.0326  -70.0396  -4.67061
     1.76 -0.685493   36.0275  -70.0605  -4.84451
     1.77 -0.685493   36.0225  -70.0814   -5.0184
     1.78 -0.685493   36.0167  -70.1016  -5.19562
     1.79 -0.685493    36.011  -70.1219  -5.37285
      1.8 -0.685493   36.0052  -70.1422  -5.55007
     1.81 -0.685493   35.9988  -70.1618  -5.73064
     1.82 -0.685493   35.9923  -70.1814   -5.9112
     1.83 -0.685493   35.9858  -70.2009  -6.09176
     1.84 -0.685493   35.9785  -70.2198  -6.27566
     1.85 -0.685493   35.9712  -70.2387  -6.45957
     1.86 -0.685493    35.964  -70.2576  -6.64347
     1.87 -0.685493   35.9559  -70.2758  -6.83072
     1.88 -0.685493   35.9478  -70.2939  -7.01797
     1.89 -0.685493   35.9397  -70.3121  -7.20521
      1.9 -0.685493   35.9308  -70.3295  -7.39581
     1.91 -0.685493   35.9219  -70.3469   -7.5864
     1.92 -0.685492    35.913  -70.3643  -7.77699
     1.93 -0.685492   35.9032  -70.3808  -7.97094
     1.94 -0.685492   35.8934  -70.3974  -8.16488
     1.95 -0.685492   35.8836   -70.414  -8.35882
     1.96 -0.685492   35.8729  -70.4297  -8.55611
     1.97 -0.685492   35.8622  -70.4455  -8.75339
     1.98 -0.685493   35.8515  -70.4612  -8.95068
     1.99 -0.685493   35.8399  -70.4761  -9.15065
        2 -0.685493   35.8283  -70.4909  -9.35061
     2.01 -0.685493   35.8167  -70.5057  -9.55058
     2.02 -0.685493   35.8044  -70.5195  -9.75103
     2.03 -0.685493    35.792  -70.5332  -9.95148
     2.04 -0.685493   35.7796   -70.547  -10.1519
     2.05 -0.685493   35.7664  -70.5596  -10.3527
     2.06 -0.685493   35.7533  -70.5723  -10.5534
     2.07 -0.685493   35.7401   -70.585  -10.7542
     2.08 -0.685493   35.7262  -70.5966  -10.9552
     2.09 -0.685493   35.7123  -70.6082  -11.1563
      2.1 -0.685493   35.6984  -70.6198  -11.3573
     2.11 -0.685493   35.6837  -70.6304  -11.5586
     2.12 -0.685493    35.669   -70.641  -11.7599
     2.13 -0.685494   35.6543  -70.6516  -11.9612
     2.14 -0.685494   35.6388  -70.6611  -12.1628
     2.15 -0.685494   35.6234  -70.6707  -12.3643
     2.16 -0.685494   35.6079  -70.6802  -12.5659
     2.17 -0.685494   35.5917  -70.6888  -12.7677
     2.18 -0.685494   35.5755  -70.6973  -12.9695
     2.19 -0.685494   35.5592  -70.7059  -13.1713
      2.2 -0.685495   35.5422  -70.7134  -13.3733
     2.21 -0.685495   35.5252   -70.721  -13.5753
     2.22 -0.685495   35.5082  -70.7286  -13.7774
     2.23 -0.685495   35.4905  -70.7351  -13.9796
     2.24 -0.685495   35.4727  -70.7417  -14.1818
     2.25 -0.685495    35.455  -70.7483   -14.384
     2.26 -0.685496   35.4365   -70.754  -14.5865
     2.27 -0.685496   35.4179  -70.7596  -14.7889
     2.28 -0.685496   35.3994  -70.7652  -14.9913
     2.29 -0.685496   35.3801  -70.7699  -15.1939
      2.3 -0.685497   35.3609  -70.7746  -15.3965
     2.31 -0.685497   35.3416  -70.7793  -15.5991
     2.32 -0.685497   35.3215  -70.7831  -15.8019
     2.33 -0.685497   35.3015  -70.7869  -16.0046
     2.34 -0.685498   35.2815  -70.7907  -16.2074
     2.35 -0.685498   35.2607  -70.7936  -16.4103
     2.36 -0.685498   35.2399  -70.7964  -16.6132
     2.37 -0.685498   35.2191  -70.7993  -16.8161
     2.38 -0.685499   35.1976  -70.8013  -17.0191
     2.39 -0.685499    35.176  -70.8033  -17.2222
      2.4 -0.685499   35.1545  -70.8053  -17.4252
     2.41 -0.685499   35.1322  -70.8064  -17.6284
    2.42  -0.6855  35.1099 -70.8075 -17.8316
    2.43  -0.6855  35.0876 -70.8086 -18.0347
    2.44  -0.6855  35.0645 -70.8089  -18.238
     2.45 -0.685501   35.0415  -70.8092  -18.4412
     2.46 -0.685501   35.0184  -70.8094  -18.6445
     2.47 -0.685501   34.9946  -70.8088  -18.8479
     2.48 -0.685502   34.9709  -70.8083  -19.0512
     2.49 -0.685502   34.9471  -70.8077  -19.2546
      2.5 -0.685502   34.9225  -70.8063   -19.458
     2.51 -0.685503    34.898  -70.8049  -19.6615
     2.52 -0.685503   34.8734  -70.8035  -19.8649
     2.53 -0.685503   34.8482  -70.8013  -20.0684
     2.54 -0.685504   34.8229  -70.7991  -20.2719
     2.55 -0.685504   34.7976  -70.7968  -20.4754
     2.56 -0.685505   34.7716  -70.7938   -20.679
     2.57 -0.685505   34.7455  -70.7908  -20.8825
     2.58 -0.685505   34.7195  -70.7878  -21.0861
     2.59 -0.685506   34.6927   -70.784  -21.2897
      2.6 -0.685506    34.666  -70.7803  -21.4933
     2.61 -0.685507   34.6392  -70.7765  -21.6969
     2.62 -0.685507   34.6117  -70.7719  -21.9005
     2.63 -0.685507   34.5842  -70.7674  -22.1041
     2.64 -0.685508   34.5567  -70.7628  -22.3077
     2.65 -0.685508   34.5285  -70.7575  -22.5114
     2.66 -0.685509   34.5002  -70.7522   -22.715
     2.67 -0.685509    34.472  -70.7469  -22.9186
    2.68 -0.68551   34.443 -70.7409 -23.1223
    2.69 -0.68551  34.4141 -70.7349 -23.3259
      2.7 -0.685511   34.3851  -70.7289  -23.5296
     2.71 -0.685511   34.3554  -70.7221  -23.7332
     2.72 -0.685511   34.3257  -70.7154  -23.9368
     2.73 -0.685512    34.296  -70.7086  -24.1404
     2.74 -0.685512   34.2656  -70.7011   -24.344
     2.75 -0.685513   34.2351  -70.6937  -24.5477
     2.76 -0.685513   34.2047  -70.6862  -24.7513
     2.77 -0.685514   34.1736  -70.6781  -24.9548
     2.78 -0.685514   34.1424  -70.6699  -25.1584
     2.79 -0.685515   34.1113  -70.6618   -25.362
      2.8 -0.685515   34.0794   -70.653  -25.5655
     2.81 -0.685516   34.0475  -70.6441   -25.769
     2.82 -0.685517   34.0156  -70.6353  -25.9726
     2.83 -0.685517   33.9831  -70.6258   -26.176
     2.84 -0.685518   33.9505  -70.6163  -26.3795
     2.85 -0.685518   33.9179  -70.6068   -26.583
     2.86 -0.685519   33.8845  -70.5967  -26.7864
     2.87 -0.685519   33.8512  -70.5866  -26.9898
    2.88 -0.68552  33.8179 -70.5764 -27.1932
    2.89 -0.68552  33.7839 -70.5656 -27.3965
      2.9 -0.685521   33.7499  -70.5549  -27.5998
     2.91 -0.685522   33.7158  -70.5441  -27.8032
     2.92 -0.685522   33.6811  -70.5327  -28.0064
     2.93 -0.685523   33.6464  -70.5213  -28.2096
     2.94 -0.685523   33.6116  -70.5099  -28.4129
     2.95 -0.685524   33.5762  -70.4979   -28.616
     2.96 -0.685525   33.5407  -70.4859  -28.8191
     2.97 -0.685525   33.5053  -70.4739  -29.0223
     2.98 -0.685526   33.4691  -70.4612  -29.2253
     2.99 -0.685526    33.433  -70.4486  -29.4283
        3 -0.685527   33.3968   -70.436  -29.6314
     3.01 -0.685528   33.3599  -70.4228  -29.8343
     3.02 -0.685528   33.3231  -70.4096  -30.0372
     3.03 -0.685529   33.2862  -70.3965  -30.2401
    3.04 -0.68553  33.2486 -70.3827 -30.4428
    3.05 -0.68553  33.2111 -70.3689 -30.6456
     3.06 -0.685531   33.1735  -70.3552  -30.8484
     3.07 -0.685532   33.1352  -70.3408   -31.051
     3.08 -0.685532    33.097  -70.3265  -31.2537
     3.09 -0.685533   33.0587  -70.3122  -31.4563
      3.1 -0.685534   33.0198  -70.2973  -31.6588
     3.11 -0.685534   32.9808  -70.2824  -31.8613
     3.12 -0.685535   32.9418  -70.2676  -32.0638
     3.13 -0.685536   32.9022  -70.2522  -32.2661
     3.14 -0.685536   32.8625  -70.2368  -32.4684
     3.15 -0.685537   32.8229  -70.2213  -32.6708
     3.16 -0.685538   32.7825  -70.2054  -32.8729
     3.17 -0.685538   32.7422  -70.1895  -33.0751
     3.18 -0.685539   32.7018  -70.1736  -33.2772
    3.19 -0.68554  32.6608 -70.1571 -33.4792
      3.2 -0.685541   32.6198  -70.1407  -33.6812
     3.21 -0.685541   32.5787  -70.1242  -33.8832
     3.22 -0.685542    32.537  -70.1073   -34.085
     3.23 -0.685543   32.4953  -70.0904  -34.2868
     3.24 -0.685544   32.4536  -70.0734  -34.4886
     3.25 -0.685544   32.4112   -70.056  -34.6902
     3.26 -0.685545   32.3688  -70.0386  -34.8918
     3.27 -0.685546   32.3264  -70.0211  -35.0934
     3.28 -0.685547   32.2833  -70.0032  -35.2948
     3.29 -0.685547   32.2402  -69.9853  -35.4962
      3.3 -0.685548   32.1972  -69.9674  -35.6976
     3.31 -0.685549   32.1534  -69.9491  -35.8988
    3.32 -0.68555  32.1096 -69.9307    -36.1
    3.33 -0.68555  32.0659 -69.9123 -36.3012
     3.34 -0.685551   32.0215  -69.8935  -36.5021
     3.35 -0.685552    31.977  -69.8747  -36.7031
     3.36 -0.685553   31.9326  -69.8558  -36.9041
     3.37 -0.685554   31.8875  -69.8366  -37.1048
     3.38 -0.685554   31.8424  -69.8173  -37.3056
     3.39 -0.685555   31.7973   -69.798  -37.5063
      3.4 -0.685556   31.7515  -69.7783  -37.7068
     3.41 -0.685557   31.7058  -69.7586  -37.9073
     3.42 -0.685558     31.66  -69.7389  -38.1078
     3.43 -0.685559   31.6136  -69.7188  -38.3081
     3.44 -0.685559   31.5672  -69.6987  -38.5084
    3.45 -0.68556  31.5207 -69.6786 -38.7086
     3.46 -0.685561   31.4736  -69.6581  -38.9087
     3.47 -0.685562   31.4265  -69.6375  -39.1087
     3.48 -0.685563   31.3795   -69.617  -39.3087
     3.49 -0.685564   31.3317  -69.5961  -39.5085
      3.5 -0.685564    31.284  -69.5751  -39.7082
     3.51 -0.685565   31.2362  -69.5542   -39.908
     3.52 -0.685566   31.1878  -69.5329  -40.1075
     3.53 -0.685567   31.1394  -69.5116   -40.307
     3.54 -0.685568    31.091  -69.4902  -40.5065
     3.55 -0.685569    31.042  -69.4685  -40.7057
    3.56 -0.68557  30.9929 -69.4468 -40.9049
     3.57 -0.685571   30.9438  -69.4251  -41.1042
     3.58 -0.685571   30.8941   -69.403  -41.3031
     3.59 -0.685572   30.8444   -69.381   -41.502
      3.6 -0.685573   30.7947  -69.3589   -41.701
     3.61 -0.685574   30.7444  -69.3365  -41.8997
     3.62 -0.685575    30.694   -69.314  -42.0983
     3.63 -0.685576   30.6437  -69.2916   -42.297
     3.64 -0.685577   30.5927  -69.2688  -42.4954
     3.65 -0.685578   30.5417   -69.246  -42.6937
     3.66 -0.685579   30.4907  -69.2232  -42.8921
    3.67 -0.68558  30.4391 -69.2001 -43.0902
     3.68 -0.685581   30.3875   -69.177  -43.2883
     3.69 -0.685582   30.3359  -69.1538  -43.4864
      3.7 -0.685582   30.2836  -69.1304  -43.6841
     3.71 -0.685583   30.2313  -69.1069  -43.8819
     3.72 -0.685584   30.1791  -69.0834  -44.0797
     3.73 -0.685585   30.1262  -69.0597  -44.2772
     3.74 -0.685586   30.0733  -69.0359  -44.4746
     3.75 -0.685587   30.0204  -69.0121  -44.6721
     3.76 -0.685588   29.9669   -68.988  -44.8692
     3.77 -0.685589   29.9133  -68.9639  -45.0664
    3.78 -0.68559  29.8598 -68.9398 -45.2636
     3.79 -0.685591   29.8057  -68.9154  -45.4604
      3.8 -0.685592   29.7515   -68.891  -45.6572
     3.81 -0.685593   29.6974  -68.8666  -45.8541
     3.82 -0.685594   29.6426  -68.8419  -46.0506
     3.83 -0.685595   29.5878  -68.8172  -46.2471
     3.84 -0.685596   29.5331  -68.7925  -46.4436
     3.85 -0.685597   29.4777  -68.7675  -46.6398
     3.86 -0.685598   29.4223  -68.7425   -46.836
     3.87 -0.685599   29.3669  -68.7175  -47.0321
    3.88  -0.6856  29.3109 -68.6922  -47.228
     3.89 -0.685601   29.2549  -68.6669  -47.4238
      3.9 -0.685602   29.1989  -68.6417  -47.6197
     3.91 -0.685603   29.1423  -68.6161  -47.8152
     3.92 -0.685604   29.0857  -68.5906  -48.0107
     3.93 -0.685605   29.0291   -68.565  -48.2062
     3.94 -0.685606   28.9718  -68.5392  -48.4014
     3.95 -0.685607   28.9146  -68.5134  -48.5965
     3.96 -0.685608   28.8574  -68.4876  -48.7917
     3.97 -0.685609   28.7996  -68.4615  -48.9863
    3.98 -0.68561  28.7418 -68.4355  -49.181
     3.99 -0.685611    28.684  -68.4094  -49.3756
        4 -0.685612   28.6264  -68.3835  -49.5677
     4.01 -0.685613   28.5687  -68.3575  -49.7597
     4.02 -0.685614    28.511  -68.3315  -49.9517
     4.03 -0.685615   28.4536  -68.3057  -50.1405
     4.04 -0.685616   28.3962  -68.2799  -50.3292
     4.05 -0.685617   28.3388   -68.254   -50.518
     4.06 -0.685618   28.2818  -68.2284  -50.7034
     4.07 -0.685619   28.2247  -68.2028  -50.8889
    4.08 -0.68562  28.1677 -68.1771 -51.0744
     4.09 -0.685621    28.111  -68.1517  -51.2567
      4.1 -0.685622   28.0544  -68.1263  -51.4389
     4.11 -0.685623   27.9977  -68.1009  -51.6211
     4.12 -0.685624   27.9414  -68.0756  -51.8002
     4.13 -0.685625   27.8851  -68.0504  -51.9792
     4.14 -0.685626   27.8289  -68.0252  -52.1582
     4.15 -0.685627    27.773  -68.0002   -52.334
     4.16 -0.685628   27.7172  -67.9752  -52.5097
     4.17 -0.685629   27.6613  -67.9502  -52.6855
    4.18 -0.68563  27.6059 -67.9255 -52.8581
     4.19 -0.685631   27.5505  -67.9008  -53.0307
      4.2 -0.685632   27.4951   -67.876  -53.2032
     4.21 -0.685633   27.4402  -67.8515  -53.3726
     4.22 -0.685634   27.3853  -67.8271   -53.542
     4.23 -0.685635   27.3303  -67.8026  -53.7114
     4.24 -0.685636   27.2759  -67.7784  -53.8776
     4.25 -0.685637   27.2215  -67.7542  -54.0438
     4.26 -0.685638   27.1671  -67.7299    -54.21
     4.27 -0.685639   27.1132   -67.706   -54.373
    4.28 -0.68564  27.0593 -67.6821  -54.536
     4.29 -0.685641   27.0054  -67.6582   -54.699
      4.3 -0.685642    26.952  -67.6345  -54.8589
     4.31 -0.685642   26.8987  -67.6109  -55.0188
     4.32 -0.685643   26.8454  -67.5872  -55.1786
     4.33 -0.685644   26.7926  -67.5639  -55.3354
     4.34 -0.685645   26.7398  -67.5406  -55.4921
     4.35 -0.685646    26.687  -67.5172  -55.6488
     4.36 -0.685647   26.6349  -67.4942  -55.8024
     4.37 -0.685648   26.5827  -67.4712   -55.956
     4.38 -0.685649   26.5305  -67.4482  -56.1096
    4.39 -0.68565   26.479 -67.4255   -56.26
      4.4 -0.685651   26.4274  -67.4028  -56.4105
     4.41 -0.685652   26.3759  -67.3801   -56.561
     4.42 -0.685652    26.325  -67.3577  -56.7083
     4.43 -0.685653   26.2741  -67.3354  -56.8557
     4.44 -0.685654   26.2232   -67.313  -57.0031
     4.45 -0.685655   26.1729   -67.291  -57.1473
     4.46 -0.685656   26.1227   -67.269  -57.2916
     4.47 -0.685657   26.0724  -67.2469  -57.4359
     4.48 -0.685658   26.0229  -67.2253  -57.5771
     4.49 -0.685658   25.9733  -67.2036  -57.7183
      4.5 -0.685659   25.9237  -67.1819  -57.8595
    4.51 -0.68566  25.8749 -67.1606 -57.9976
     4.52 -0.685661    25.826  -67.1393  -58.1357
     4.53 -0.685662   25.7772   -67.118  -58.2738
     4.54 -0.685663    25.729   -67.097  -58.4089
     4.55 -0.685663   25.6809   -67.076   -58.544
     4.56 -0.685664   25.6327  -67.0551   -58.679
     4.57 -0.685665   25.5854  -67.0345   -58.811
     4.58 -0.685666    25.538  -67.0139  -58.9431
     4.59 -0.685667   25.4906  -66.9933  -59.0751
      4.6 -0.685668   25.4439  -66.9731  -59.2041
     4.61 -0.685668   25.3973  -66.9529  -59.3331
     4.62 -0.685669   25.3507  -66.9327  -59.4621
    4.63 -0.68567  25.3048 -66.9129  -59.588
     4.64 -0.685671    25.259  -66.8931   -59.714
     4.65 -0.685671   25.2131  -66.8732    -59.84
     4.66 -0.685672    25.168  -66.8538  -59.9629
     4.67 -0.685673    25.123  -66.8343  -60.0859
     4.68 -0.685674   25.0779  -66.8149  -60.2089
     4.69 -0.685674   25.0337  -66.7959  -60.3288
      4.7 -0.685675   24.9894  -66.7768  -60.4488
     4.71 -0.685676   24.9452  -66.7578  -60.5688
     4.72 -0.685677   24.9018  -66.7391  -60.6858
     4.73 -0.685677   24.8584  -66.7205  -60.8027
     4.74 -0.685678   24.8149  -66.7018  -60.9197
     4.75 -0.685679   24.7724  -66.6836  -61.0337
    4.76 -0.68568  24.7298 -66.6653 -61.1478
    4.77 -0.68568  24.6872 -66.6471 -61.2618
     4.78 -0.685681   24.6455  -66.6292  -61.3728
     4.79 -0.685682   24.6038  -66.6114  -61.4839
      4.8 -0.685682   24.5621  -66.5936  -61.5949
     4.81 -0.685683   24.5213  -66.5761   -61.703
     4.82 -0.685684   24.4804  -66.5587  -61.8111
     4.83 -0.685684   24.4396  -66.5413  -61.9192
     4.84 -0.685685   24.3997  -66.5243  -62.0244
     4.85 -0.685686   24.3597  -66.5073  -62.1295
     4.86 -0.685687   24.3198  -66.4903  -62.2347
     4.87 -0.685687   24.2807  -66.4737  -62.3369
     4.88 -0.685688   24.2417  -66.4571  -62.4391
     4.89 -0.685688   24.2027  -66.4405  -62.5414
      4.9 -0.685689   24.1645  -66.4243  -62.6407
    4.91 -0.68569  24.1264 -66.4081   -62.74
    4.92 -0.68569  24.0883  -66.392 -62.8393
     4.93 -0.685691   24.0511  -66.3762  -62.9357
     4.94 -0.685692   24.0139  -66.3605  -63.0321
     4.95 -0.685692   23.9767  -66.3447  -63.1285
     4.96 -0.685693   23.9405  -66.3294   -63.222
     4.97 -0.685693   23.9042  -66.3141  -63.3155
     4.98 -0.685694    23.868  -66.2988  -63.4089
     4.99 -0.685695   23.8327  -66.2839  -63.4995
        5 -0.685695   23.7974   -66.269  -63.5901
     5.01 -0.685696   23.7621  -66.2541  -63.6808
     5.02 -0.685696   23.7278  -66.2397  -63.7685
     5.03 -0.685697   23.6935  -66.2253  -63.8562
     5.04 -0.685698   23.6591  -66.2108  -63.9439
     5.05 -0.685698   23.6258  -66.1968  -64.0288
     5.06 -0.685699   23.5924  -66.1828  -64.1136
     5.07 -0.685699   23.5591  -66.1688  -64.1984
    5.08  -0.6857  23.5267 -66.1552 -64.2804
    5.09  -0.6857  23.4944 -66.1416 -64.3624
      5.1 -0.685701    23.462  -66.1281  -64.4444
     5.11 -0.685701   23.4307  -66.1149  -64.5235
     5.12 -0.685702   23.3993  -66.1018  -64.6026
     5.13 -0.685702    23.368  -66.0887  -64.6818
     5.14 -0.685703   23.3376   -66.076   -64.758
     5.15 -0.685703   23.3073  -66.0633  -64.8343
     5.16 -0.685704    23.277  -66.0506  -64.9106
     5.17 -0.685704   23.2476  -66.0384   -64.984
     5.18 -0.685705   23.2183  -66.0261  -65.0575
     5.19 -0.685705    23.189  -66.0139  -65.1309
      5.2 -0.685706   23.1607  -66.0021  -65.2015
     5.21 -0.685706   23.1324  -65.9903  -65.2721
     5.22 -0.685707   23.1041  -65.9785  -65.3427
     5.23 -0.685707   23.0769  -65.9672  -65.4105
     5.24 -0.685708   23.0496  -65.9559  -65.4782
     5.25 -0.685708   23.0224  -65.9445   -65.546
     5.26 -0.685708   22.9962  -65.9336   -65.611
     5.27 -0.685709     22.97  -65.9227  -65.6759
     5.28 -0.685709   22.9438  -65.9119  -65.7409
    5.29 -0.68571  22.9186 -65.9014  -65.803
     5.3 -0.68571  22.8935  -65.891 -65.8652
     5.31 -0.685711   22.8683  -65.8805  -65.9273
     5.32 -0.685711   22.8442  -65.8706  -65.9866
     5.33 -0.685711   22.8201  -65.8606   -66.046
     5.34 -0.685712   22.7961  -65.8506  -66.1053
     5.35 -0.685712    22.773  -65.8411  -66.1618
     5.36 -0.685712     22.75  -65.8316  -66.2184
     5.37 -0.685713    22.727   -65.822  -66.2749
     5.38 -0.685713   22.7051   -65.813  -66.3286
     5.39 -0.685714   22.6832  -65.8039  -66.3824
      5.4 -0.685714   22.6612  -65.7948  -66.4361
     5.41 -0.685714   22.6404  -65.7862  -66.4871
     5.42 -0.685715   22.6195  -65.7776   -66.538
     5.43 -0.685715   22.5987   -65.769   -66.589
     5.44 -0.685715   22.5789  -65.7609  -66.6371
     5.45 -0.685716   22.5592  -65.7527  -66.6853
     5.46 -0.685716   22.5394  -65.7446  -66.7335
     5.47 -0.685716   22.5207  -65.7369  -66.7789
     5.48 -0.685716   22.5021  -65.7292  -66.8242
     5.49 -0.685717   22.4834  -65.7215  -66.8696
      5.5 -0.685717   22.4659  -65.7143  -66.9122
     5.51 -0.685717   22.4483   -65.707  -66.9549
     5.52 -0.685718   22.4307  -65.6998  -66.9975
     5.53 -0.685718   22.4143   -65.693  -67.0373
     5.54 -0.685718   22.3978  -65.6863  -67.0772
     5.55 -0.685718   22.3814  -65.6795   -67.117
     5.56 -0.685719   22.3661  -65.6732  -67.1541
     5.57 -0.685719   22.3507  -65.6669  -67.1912
     5.58 -0.685719   22.3354  -65.6606  -67.2282
     5.59 -0.685719   22.3212  -65.6548  -67.2625
     5.6 -0.68572  22.3069 -65.6489 -67.2969
    5.61 -0.68572  22.2927 -65.6431 -67.3312
    5.62 -0.68572  22.2796 -65.6377 -67.3627
    5.63 -0.68572  22.2665 -65.6323 -67.3943
    5.64 -0.68572  22.2534  -65.627 -67.4259
     5.65 -0.685721   22.2415  -65.6221  -67.4547
     5.66 -0.685721   22.2295  -65.6172  -67.4835
     5.67 -0.685721   22.2175  -65.6123  -67.5123
     5.68 -0.685721   22.2067  -65.6078  -67.5383
     5.69 -0.685721   22.1958  -65.6034  -67.5644
      5.7 -0.685722    22.185  -65.5989  -67.5904
     5.71 -0.685722   22.1753   -65.595  -67.6137
     5.72 -0.685722   22.1656   -65.591   -67.637
     5.73 -0.685722   22.1559   -65.587  -67.6603
     5.74 -0.685722   22.1473  -65.5835  -67.6809
     5.75 -0.685722   22.1387    -65.58  -67.7014
     5.76 -0.685722   22.1302  -65.5765   -67.722
     5.77 -0.685723   22.1227  -65.5734  -67.7398
     5.78 -0.685723   22.1153  -65.5704  -67.7576
     5.79 -0.685723   22.1079  -65.5673  -67.7754
      5.8 -0.685723   22.1016  -65.5648  -67.7905
     5.81 -0.685723   22.0953  -65.5622  -67.8055
     5.82 -0.685723    22.089  -65.5596  -67.8206
     5.83 -0.685723   22.0838  -65.5575  -67.8329
     5.84 -0.685723   22.0787  -65.5554  -67.8453
     5.85 -0.685723   22.0735  -65.5533  -67.8576
     5.86 -0.685723   22.0695  -65.5517  -67.8672
     5.87 -0.685724   22.0655    -65.55  -67.8767
     5.88 -0.685724   22.0615  -65.5484  -67.8863
     5.89 -0.685724   22.0586  -65.5472  -67.8932
      5.9 -0.685724   22.0558   -65.546     -67.9
     5.91 -0.685724   22.0529  -65.5449  -67.9069
     5.92 -0.685724   22.0512  -65.5442   -67.911
     5.93 -0.685724   22.0495  -65.5435  -67.9151
     5.94 -0.685724   22.0477  -65.5428  -67.9192
     5.95 -0.685724   22.0472  -65.5425  -67.9206
     5.96 -0.685724   22.0466  -65.5423  -67.9219
     5.97 -0.685724    22.046  -65.5421  -67.9233
